77,2,7,73,23,34,70,18,21,78,5,15,42,1,22,58,50,55,67,19
1,21,5,31,61,70,66,34,67,42,51,64,22,78,10,50,4,52,57,19
7,2,73,40,66,70,5,72,21,71,42,51,22,25,78,1,50,20,45
7,3,61,64,30,73,9,15,71,70,42,78,53,51,22,23,31,66,57,32
10,71,64,61,35,7,2,70,78,73,4,33,42,36,65,1,77,9,40,15,30,57
10,74,64,15,45,20,2,16,70,36,5,73,4,42,78,77,50,30,24,49,57
10,2,5,9,15,45,46,32,42,78,64,13,73,22,24,75,70,61,60
73,2,40,5,23,34,71,32,78,42,64,13,18,45,52,37,70,46,24
35,15,2,68,29,13,51,50,33,70,78,79,10,40,52,36,34,31,55
23,15,76,42,18,61,13,80,25,70,78,79,51,20,29,64,67
74,58,15,29,64,18,1,61,80,25,70,78,5,35,59,22,52,49
76,72,35,29,73,13,2,17,70,65,40,61,78,59,79,47,10,52,16
30,45,7,29,22,80,17,70,36,18,10,15,34,59,56,47,72
49,46,13,72,29,80,73,36,35,58,68,53,70,5,45,18,41
24,68,22,20,76,29,79,10,65,34,53,70,36,45,1,37,69,38
9,40,68,22,71,44,15,29,1,39,70,36,72,20,32,28,16
46,9,68,22,49,15,41,29,44,1,70,34,20,25,69,48
10,34,3,31,41,45,29,22,1,58,70,78,46,40,68,27,69,48,26
34,74,10,3,41,47,70,29,44,32,69,78,1,46,58,40,72,63,53,19
77,51,35,66,69,47,50,42,44,60,19,70,1,64,46,10,18,55,26
24,40,58,66,41,73,47,25,70,42,23,60,78,46,15,10,55,30,27,19
30,51,34,47,66,32,75,12,20,72,6,70,78,42,5,46,45,10,63
71,40,65,36,42,79,51,7,52,76,16,70,5,64,46,6,41,11
31,65,67,22,35,7,52,75,70,29,64,68,18,21,6,28,17,41,11
31,40,20,72,44,10,32,70,29,64,1,58,76,27,17,75,41,8,11,14
37,58,40,70,15,80,18,4,75,78,29,65,20,67,76,17,6,41,11,14
31,9,7,70,73,34,23,75,78,29,47,45,24,17,16,41,11,62
71,9,72,70,78,73,80,33,29,47,1,12,20,24,76,19,75,11,62
52,1,12,70,78,40,74,16,14,42,79,34,58,4,28,38
30,34,36,44,74,16,70,78,29,79,51,72,3,28,17,11,14
30,12,36,16,23,19,70,78,42,79,51,10,66,77,11,14
32,12,19,42,46,21,76,16,14,78,79,65,44,18,57,38
51,7,42,68,71,28,11,14,46,13,73,58,18,63,16
10,51,54,59,31,8,14,70,40,1,43,16,38
51,58,59,76,8,38,70,36,22,25,37,14
21,53,29,74,69,38,14,70,15,13,22,35,37,3
7,54,8,78,24,38,14,29,15,22,34,52,30,74,3
76,2,14,45,3,38,70,29,78,79,40,73,22,35,10,58,66,63
6,24,8,14,9,58,75,38,70,15,59,1,73,20,35,74,66
75,9,48,18,76,8,38,14,15,73,80,53,10,35,3,33
75,57,8,62,20,21,35,3,70,15,80,25,69,33,11
30,6,66,77,11,20,21,8,33,70,78,1,13,74,25,26,38
48,3,1,64,60,39,38,30,18,8,29,46,58,32,11
75,26,62,20,48,53,12,58,57,71,33,5,51,35,38
5,18,26,62,58,33,45,37,76,8,56,53,12,61,38
62,56,18,38,43,66,8,72,23,35,14,46,44,7,75,19,6
62,73,30,57,38,43,8,23,6,11,5,56,44,34,64,12,61,54,71
75,62,13,8,60,38,22,72,61,35,28,73,44,20,21,54,30,6,11
39,5,61,8,48,54,33,46,57,37,25,38,73,44,64,43,31
2,46,12,76,8,38,48,11,55,61,32,5,13,64,58,31,41
2026-7-5
